1.0 1.0 0.92939997 0.7981 0.6242 0.44270003 0.2874 0.15579998 0.073300004 0.0316 0.010399997 0.0019000173 4.0000677E-4 1.9997358E-4 0.0 0.0
1.0 1.0 0.9334 0.8019 0.6215 0.4577 0.27679998 0.15850002 0.074800014 0.030200005 0.00819999 0.002300024 1.00016594E-4 0.0 0.0 0.0
1.0 1.0 0.9311 0.7995 0.6304 0.44120002 0.28750002 0.15329999 0.0758 0.02880001 0.009000003 0.0016000271 4.0000677E-4 0.0 0.0 0.0
1.0 1.0 0.9311 0.7984 0.6365 0.4428 0.28530002 0.1552 0.07849997 0.026300013 0.008599997 0.0026999712 1.9997358E-4 1.00016594E-4 0.0 0.0
1.0 1.0 0.93050003 0.8056 0.63049996 0.4446 0.28079998 0.16039997 0.07190001 0.029399991 0.00819999 0.0019999743 5.0002337E-4 1.00016594E-4 0.0 0.0
1.0 1.0 0.9338 0.7984 0.6297 0.44910002 0.2812 0.1527 0.0722 0.025900006 0.009500027 0.0020999908 2.9999018E-4 0.0 0.0 0.0
1.0 1.0 0.93 0.7981 0.6383 0.45279998 0.28509998 0.15740001 0.0837 0.03310001 0.009000003 0.003000021 4.0000677E-4 1.9997358E-4 0.0 0.0
1.0 1.0 0.9289 0.8031 0.62880003 0.45639998 0.283 0.14969999 0.07120001 0.027400017 0.008899987 0.003000021 8.0001354E-4 0.0 1.00016594E-4 0.0
1.0 1.0 0.9267 0.7974 0.623 0.4378 0.2712 0.14029998 0.06040001 0.01999998 0.0059000254 5.0002337E-4 1.9997358E-4 0.0 0.0 0.0
1.0 1.0 0.9309 0.79649997 0.6121 0.42339998 0.25169998 0.121800005 0.051400006 0.012099981 0.0018000007 0.0 0.0 0.0 0.0 0.0
1.0 1.0 0.9333 0.8135 0.65470004 0.46780002 0.3067 0.17079997 0.08029997 0.0273 0.00910002 5.0002337E-4 0.0 0.0 0.0 0.0
1.0 1.0 0.9466 0.834 0.68560004 0.5155 0.3596 0.21890002 0.11619997 0.0485 0.017199993 0.004400015 5.0002337E-4 0.0 0.0 0.0
1.0 1.0 0.94990003 0.8648 0.7224 0.5769 0.4155 0.2709 0.16869998 0.08230001 0.03430003 0.012099981 0.003000021 1.00016594E-4 0.0 0.0
1.0 1.0 0.9575 0.8822 0.7569 0.6129 0.4778 0.338 0.2216 0.125 0.060000002 0.025699973 0.0073000193 0.0018000007 1.9997358E-4 0.0
1.0 1.0 0.9673 0.8962 0.7999 0.68050003 0.5446 0.3972 0.29110003 0.1792 0.10039997 0.053600013 0.023000002 0.0066000223 0.0015000105 1.9997358E-4
