1.0 1.0 0.9307 0.80120003 0.6328 0.4462 0.2906 0.15219998 0.07230002 0.03130001 0.0092999935 0.002300024 2.9999018E-4 0.0 0.0 0.0  
1.0 1.0 0.9302 0.802 0.62310004 0.44489998 0.292 0.16070002 0.074 0.027499974 0.009599984 0.002300024 4.0000677E-4 0.0 0.0 0.0  
1.0 1.0 0.9319 0.8021 0.6271 0.4404 0.28320003 0.15170002 0.07440001 0.028599977 0.0076000094 0.0012000203 5.0002337E-4 0.0 0.0 0.0  
1.0 1.0 0.9298 0.8078 0.62590003 0.453 0.28469998 0.15499997 0.07309997 0.027999997 0.008099973 0.0029000044 5.9998035E-4 0.0 0.0 0.0  
1.0 1.0 0.931 0.8 0.62380004 0.45499998 0.28609997 0.14639997 0.07969999 0.028999984 0.0097 0.0029000044 2.9999018E-4 0.0 0.0 0.0  
1.0 1.0 0.9332 0.799 0.62909997 0.4486 0.28820002 0.16189998 0.07499999 0.030200005 0.008700013 0.0018000007 0.0 0.0 0.0 0.0  
1.0 1.0 0.9319 0.7983 0.6315 0.44309998 0.27789998 0.15609998 0.08069998 0.030700028 0.010599971 0.003000021 5.0002337E-4 0.0 0.0 0.0  
1.0 1.0 0.9321 0.7898 0.6215 0.4515 0.2855 0.15390003 0.07410002 0.030099988 0.009899974 0.002399981 5.9998035E-4 1.9997358E-4 0.0 0.0  
1.0 1.0 0.9322 0.7941 0.61899996 0.43739998 0.27069998 0.13929999 0.05830002 0.01969999 0.0042999983 8.0001354E-4 1.00016594E-4 0.0 0.0 0.0  
1.0 1.0 0.9302 0.7997 0.6146 0.43049997 0.2626 0.1279 0.05159998 0.013599992 0.002399981 0.0 0.0 0.0 0.0 0.0  
1.0 1.0 0.9364 0.822 0.6565 0.46829998 0.3075 0.16970003 0.07819998 0.028999984 0.007000029 4.0000677E-4 0.0 0.0 0.0 0.0  
1.0 1.0 0.943 0.83239996 0.689 0.51989996 0.36150002 0.22079998 0.11919999 0.051400006 0.015699983 0.003099978 1.9997358E-4 0.0 0.0 0.0  
1.0 1.0 0.9554 0.8531 0.72099996 0.57089996 0.41610003 0.27499998 0.16649997 0.08279997 0.03430003 0.010500014 0.002399981 4.0000677E-4 0.0 0.0  
1.0 1.0 0.9582 0.8758 0.7604 0.61730003 0.4798 0.33749998 0.2137 0.12580001 0.0636 0.02670002 0.007799983 0.002399981 1.9997358E-4 0.0  
1.0 1.0 0.9702 0.8915 0.7864 0.6723 0.53929996 0.40960002 0.2856 0.17320001 0.10159999 0.050599992 0.023000002 0.004700005 0.0020999908 0.0  
