1个环：
[1.0, 1.0, 0.9312, 0.80910003, 0.62259996, 0.44489998, 0.2902, 0.15469998, 0.07190001, 0.030099988, 0.008000016, 0.0018000007, 1.00016594E-4, 0.0, 0.0, 0.0, ]
2个环：
[1.0, 1.0, 0.932, 0.807, 0.61520004, 0.44919997, 0.2866, 0.16430002, 0.07730001, 0.031099975, 0.010100007, 0.0016000271, 2.9999018E-4, 1.00016594E-4, 0.0, 0.0, ]
3个环：
[1.0, 1.0, 0.9284, 0.80840003, 0.6294, 0.4529, 0.28509998, 0.16509998, 0.07489997, 0.031099975, 0.009899974, 0.0019999743, 6.9999695E-4, 0.0, 0.0, 0.0, ]
4个环：
[1.0, 1.0, 0.9347, 0.8049, 0.63119996, 0.4504, 0.28939998, 0.16100001, 0.07340002, 0.034099996, 0.011799991, 0.0026999712, 6.9999695E-4, 0.0, 0.0, 0.0, ]
5个环：
[1.0, 1.0, 0.9345, 0.8151, 0.633, 0.45700002, 0.2931, 0.15759999, 0.08200002, 0.02789998, 0.011200011, 0.002300024, 5.9998035E-4, 0.0, 0.0, 0.0, ]
6个环：
[1.0, 1.0, 0.9367, 0.8115, 0.645, 0.45459998, 0.29900002, 0.16909999, 0.083299994, 0.033500016, 0.011200011, 0.0034999847, 6.9999695E-4, 0.0, 0.0, 0.0, ]
7个环：
[1.0, 1.0, 0.94, 0.8182, 0.65209997, 0.46600002, 0.30620003, 0.18220001, 0.09100002, 0.03640002, 0.013999999, 0.0031999946, 5.0002337E-4, 1.00016594E-4, 0.0, 0.0, ]
8个环：
[1.0, 1.0, 0.9376, 0.82089996, 0.6483, 0.49220002, 0.3175, 0.1882, 0.094799995, 0.042400002, 0.012499988, 0.0034000278, 2.9999018E-4, 0.0, 0.0, 0.0, ]
9个环：
[1.0, 1.0, 0.9392, 0.8211, 0.672, 0.49049997, 0.33819997, 0.20060003, 0.101199985, 0.04820001, 0.017799973, 0.004000008, 8.0001354E-4, 0.0, 0.0, 0.0, ]
10个环：
[1.0, 1.0, 0.9385, 0.8269, 0.6749, 0.52110004, 0.3423, 0.2213, 0.11260003, 0.05400002, 0.022000015, 0.005800009, 0.0013999939, 4.0000677E-4, 0.0, 0.0, ]
11个环：
[1.0, 1.0, 0.9435, 0.8404, 0.6897, 0.53429997, 0.3628, 0.23580003, 0.13550001, 0.06300002, 0.026499987, 0.008099973, 0.0016000271, 5.9998035E-4, 0.0, 0.0, ]
12个环：
[1.0, 1.0, 0.9469, 0.8506, 0.7151, 0.5519, 0.39630002, 0.2558, 0.15469998, 0.076600015, 0.033299983, 0.00940001, 0.0020999908, 5.0002337E-4, 1.9997358E-4, 0.0, ]
13个环：
[1.0, 1.0, 0.9534, 0.8627, 0.7331, 0.5823, 0.42659998, 0.292, 0.18470001, 0.093299985, 0.043900013, 0.015100002, 0.0059999824, 0.0011000037, 0.0, 0.0, ]
14个环：
[1.0, 1.0, 0.9549, 0.8778, 0.7704, 0.6265, 0.4698, 0.3538, 0.22570002, 0.12449998, 0.06849998, 0.027199984, 0.008300006, 0.0022000074, 5.9998035E-4, 0.0, ]
15个环：
[1.0, 1.0, 0.9684, 0.8992, 0.7999, 0.6689, 0.5392, 0.41030002, 0.2788, 0.17760003, 0.09990001, 0.049899995, 0.020099998, 0.0059999824, 0.0015000105, 2.9999018E-4, ]
