1.0 1.0 0.92939997 0.7981 0.6242 0.44270003 0.2874 0.15579998 0.073300004 0.0316 0.010399997 0.0019000173 4.0000677E-4 1.9997358E-4 0.0 0.0
1.0 1.0 0.9334 0.8019 0.6215 0.4577 0.27679998 0.15850002 0.074800014 0.030200005 0.00819999 0.002300024 1.00016594E-4 0.0 0.0 0.0
1.0 1.0 0.9311 0.7995 0.6304 0.44120002 0.28750002 0.15329999 0.0758 0.02880001 0.009000003 0.0016000271 4.0000677E-4 0.0 0.0 0.0
1.0 1.0 0.9311 0.7984 0.6365 0.4428 0.28530002 0.1552 0.07849997 0.026300013 0.008599997 0.0026999712 1.9997358E-4 1.00016594E-4 0.0 0.0
1.0 1.0 0.93050003 0.8056 0.63049996 0.4446 0.28079998 0.16039997 0.07190001 0.029399991 0.00819999 0.0019999743 5.0002337E-4 1.00016594E-4 0.0 0.0
1.0 1.0 0.9338 0.7984 0.6297 0.44910002 0.2812 0.1527 0.0722 0.025900006 0.009500027 0.0020999908 2.9999018E-4 0.0 0.0 0.0
1.0 1.0 0.93 0.7981 0.6383 0.45279998 0.28509998 0.15740001 0.0837 0.03310001 0.009000003 0.003000021 4.0000677E-4 1.9997358E-4 0.0 0.0
1.0 1.0 0.9289 0.8031 0.62880003 0.45639998 0.283 0.14969999 0.07120001 0.027400017 0.008899987 0.003000021 8.0001354E-4 0.0 1.00016594E-4 0.0
1.0 1.0 0.9267 0.7974 0.623 0.4378 0.2712 0.14029998 0.06040001 0.01999998 0.0059000254 5.0002337E-4 1.9997358E-4 0.0 0.0 0.0
1.0 1.0 0.9309 0.79649997 0.6121 0.42339998 0.25169998 0.121800005 0.051400006 0.012099981 0.0018000007 0.0 0.0 0.0 0.0 0.0
1.0 1.0 0.9333 0.8135 0.65470004 0.46780002 0.3067 0.17079997 0.08029997 0.0273 0.00910002 5.0002337E-4 0.0 0.0 0.0 0.0
1.0 1.0 0.9466 0.834 0.68560004 0.5155 0.3596 0.21890002 0.11619997 0.0485 0.017199993 0.004400015 5.0002337E-4 0.0 0.0 0.0
1.0 1.0 0.94990003 0.8648 0.7224 0.5769 0.4155 0.2709 0.16869998 0.08230001 0.03430003 0.012099981 0.003000021 1.00016594E-4 0.0 0.0
1.0 1.0 0.9575 0.8822 0.7569 0.6129 0.4778 0.338 0.2216 0.125 0.060000002 0.025699973 0.0073000193 0.0018000007 1.9997358E-4 0.0
1.0 1.0 0.9673 0.8962 0.7999 0.68050003 0.5446 0.3972 0.29110003 0.1792 0.10039997 0.053600013 0.023000002 0.0066000223 0.0015000105 1.9997358E-4

1个环：
[1.0, 1.0, 0.9311, 0.7991, 0.6198, 0.4487, 0.2827, 0.16600001, 0.074, 0.026199996, 0.00940001, 0.0020999908, 4.0000677E-4, 0.0, 1.00016594E-4, 0.0, ]
2个环：
[1.0, 1.0, 0.9312, 0.8025, 0.6283, 0.4451, 0.2834, 0.15100002, 0.07120001, 0.026000023, 0.008300006, 0.0019000173, 8.0001354E-4, 0.0, 0.0, 0.0, ]
3个环：
[1.0, 1.0, 0.9327, 0.7997, 0.6258, 0.44520003, 0.2842, 0.15859997, 0.07029998, 0.026899993, 0.008300006, 0.002300024, 4.0000677E-4, 1.00016594E-4, 0.0, 0.0, ]
4个环：
[1.0, 1.0, 0.9321, 0.7934, 0.62090003, 0.4505, 0.27749997, 0.14819998, 0.07520002, 0.02640003, 0.0073000193, 0.0012999773, 5.0002337E-4, 0.0, 0.0, 0.0, ]
5个环：
[1.0, 1.0, 0.931, 0.80550003, 0.627, 0.45099998, 0.27719998, 0.15939999, 0.07459998, 0.030200005, 0.00999999, 0.0019999743, 1.00016594E-4, 0.0, 0.0, 0.0, ]
6个环：
[1.0, 1.0, 0.9286, 0.7996, 0.633, 0.4547, 0.28649998, 0.15100002, 0.07010001, 0.02609998, 0.00819999, 0.0016000271, 1.00016594E-4, 0.0, 0.0, 0.0, ]
7个环：
[1.0, 1.0, 0.9328, 0.7961, 0.6232, 0.43699998, 0.29250002, 0.1588, 0.0837, 0.02850002, 0.011200011, 0.003000021, 5.0002337E-4, 1.00016594E-4, 0.0, 0.0, ]
8个环：
[1.0, 1.0, 0.9249, 0.8054, 0.6275, 0.45020002, 0.27710003, 0.15509999, 0.07560003, 0.029399991, 0.010299981, 0.0018000007, 1.9997358E-4, 1.00016594E-4, 0.0, 0.0, ]
9个环：
[1.0, 1.0, 0.9321, 0.8028, 0.6237, 0.4288, 0.2668, 0.1426, 0.060800016, 0.01999998, 0.006099999, 5.9998035E-4, 1.00016594E-4, 0.0, 0.0, 0.0, ]
10个环：
[1.0, 1.0, 0.9323, 0.8002, 0.6157, 0.42900002, 0.2572, 0.12730002, 0.049300015, 0.012899995, 0.0019000173, 0.0, 0.0, 0.0, 0.0, 0.0, ]
11个环：
[1.0, 1.0, 0.9394, 0.8102, 0.661, 0.4759, 0.3043, 0.16350001, 0.076600015, 0.029999971, 0.007499993, 0.0012999773, 0.0, 0.0, 0.0, 0.0, ]
12个环：
[1.0, 1.0, 0.9463, 0.8342, 0.6993, 0.5191, 0.35390002, 0.2213, 0.11290002, 0.048600018, 0.0194, 0.004400015, 6.9999695E-4, 0.0, 0.0, 0.0, ]
13个环：
[1.0, 1.0, 0.9516, 0.8559, 0.7316, 0.57490003, 0.4268, 0.26779997, 0.16759998, 0.08160001, 0.03430003, 0.011099994, 0.0036000013, 1.00016594E-4, 0.0, 0.0, ]
14个环：
[1.0, 1.0, 0.9567, 0.8828, 0.7589, 0.6256, 0.48360002, 0.3387, 0.21130002, 0.12459999, 0.061699986, 0.02429998, 0.009599984, 0.0020999908, 1.9997358E-4, 0.0, ]
15个环：
[1.0, 1.0, 0.9656, 0.8952, 0.7944, 0.6811, 0.5389, 0.39999998, 0.28399998, 0.17790002, 0.102100015, 0.055599988, 0.019800007, 0.008300006, 0.0012000203, 5.0002337E-4, ]